2.600000000000000000e+01 6.520000000000000000e+02
2.600000000000000000e+01 6.530000000000000000e+02
2.600000000000000000e+01 6.540000000000000000e+02
2.600000000000000000e+01 6.550000000000000000e+02
2.600000000000000000e+01 6.560000000000000000e+02
2.700000000000000000e+01 6.520000000000000000e+02
2.700000000000000000e+01 6.530000000000000000e+02
2.700000000000000000e+01 6.550000000000000000e+02
2.700000000000000000e+01 6.560000000000000000e+02
2.800000000000000000e+01 6.520000000000000000e+02
2.800000000000000000e+01 6.530000000000000000e+02
2.800000000000000000e+01 6.550000000000000000e+02
2.800000000000000000e+01 6.560000000000000000e+02
2.800000000000000000e+01 6.570000000000000000e+02
2.900000000000000000e+01 6.530000000000000000e+02
2.900000000000000000e+01 6.540000000000000000e+02
2.900000000000000000e+01 6.570000000000000000e+02
3.000000000000000000e+01 6.540000000000000000e+02
3.000000000000000000e+01 6.550000000000000000e+02
3.000000000000000000e+01 6.570000000000000000e+02
3.000000000000000000e+01 6.580000000000000000e+02
3.000000000000000000e+01 6.590000000000000000e+02
3.100000000000000000e+01 6.540000000000000000e+02
3.100000000000000000e+01 6.550000000000000000e+02
3.100000000000000000e+01 6.570000000000000000e+02
3.100000000000000000e+01 6.580000000000000000e+02
3.100000000000000000e+01 6.590000000000000000e+02
3.200000000000000000e+01 6.540000000000000000e+02
3.200000000000000000e+01 6.550000000000000000e+02
3.200000000000000000e+01 6.590000000000000000e+02
3.200000000000000000e+01 6.600000000000000000e+02
3.300000000000000000e+01 6.540000000000000000e+02
3.300000000000000000e+01 6.550000000000000000e+02
3.300000000000000000e+01 6.560000000000000000e+02
3.300000000000000000e+01 6.570000000000000000e+02
3.300000000000000000e+01 6.590000000000000000e+02
3.300000000000000000e+01 6.600000000000000000e+02
3.300000000000000000e+01 6.610000000000000000e+02
3.400000000000000000e+01 6.550000000000000000e+02
3.400000000000000000e+01 6.560000000000000000e+02
3.400000000000000000e+01 6.570000000000000000e+02
3.400000000000000000e+01 6.580000000000000000e+02
3.400000000000000000e+01 6.590000000000000000e+02
3.400000000000000000e+01 6.600000000000000000e+02
3.400000000000000000e+01 6.610000000000000000e+02
3.400000000000000000e+01 6.620000000000000000e+02
3.500000000000000000e+01 6.560000000000000000e+02
3.500000000000000000e+01 6.570000000000000000e+02
3.500000000000000000e+01 6.580000000000000000e+02
3.500000000000000000e+01 6.590000000000000000e+02
3.500000000000000000e+01 6.610000000000000000e+02
3.500000000000000000e+01 6.620000000000000000e+02
3.500000000000000000e+01 6.630000000000000000e+02
3.600000000000000000e+01 6.570000000000000000e+02
3.600000000000000000e+01 6.580000000000000000e+02
3.600000000000000000e+01 6.620000000000000000e+02
3.600000000000000000e+01 6.630000000000000000e+02
3.700000000000000000e+01 6.570000000000000000e+02
3.700000000000000000e+01 6.580000000000000000e+02
3.700000000000000000e+01 6.590000000000000000e+02
3.700000000000000000e+01 6.630000000000000000e+02
3.700000000000000000e+01 6.640000000000000000e+02
3.800000000000000000e+01 6.580000000000000000e+02
3.800000000000000000e+01 6.590000000000000000e+02
3.800000000000000000e+01 6.600000000000000000e+02
3.800000000000000000e+01 6.610000000000000000e+02
3.800000000000000000e+01 6.630000000000000000e+02
3.800000000000000000e+01 6.640000000000000000e+02
3.800000000000000000e+01 6.650000000000000000e+02
3.900000000000000000e+01 6.590000000000000000e+02
3.900000000000000000e+01 6.600000000000000000e+02
3.900000000000000000e+01 6.610000000000000000e+02
3.900000000000000000e+01 6.630000000000000000e+02
3.900000000000000000e+01 6.640000000000000000e+02
3.900000000000000000e+01 6.650000000000000000e+02
3.900000000000000000e+01 6.660000000000000000e+02
4.000000000000000000e+01 6.600000000000000000e+02
4.000000000000000000e+01 6.610000000000000000e+02
4.000000000000000000e+01 6.620000000000000000e+02
4.000000000000000000e+01 6.630000000000000000e+02
4.000000000000000000e+01 6.640000000000000000e+02
4.000000000000000000e+01 6.650000000000000000e+02
4.000000000000000000e+01 6.660000000000000000e+02
4.100000000000000000e+01 6.600000000000000000e+02
4.100000000000000000e+01 6.610000000000000000e+02
4.100000000000000000e+01 6.620000000000000000e+02
4.100000000000000000e+01 6.630000000000000000e+02
4.100000000000000000e+01 6.640000000000000000e+02
4.100000000000000000e+01 6.650000000000000000e+02
4.100000000000000000e+01 6.660000000000000000e+02
4.100000000000000000e+01 6.670000000000000000e+02
4.200000000000000000e+01 6.610000000000000000e+02
4.200000000000000000e+01 6.620000000000000000e+02
4.200000000000000000e+01 6.630000000000000000e+02
4.200000000000000000e+01 6.640000000000000000e+02
4.200000000000000000e+01 6.660000000000000000e+02
4.200000000000000000e+01 6.670000000000000000e+02
4.200000000000000000e+01 6.680000000000000000e+02
4.300000000000000000e+01 6.620000000000000000e+02
4.300000000000000000e+01 6.630000000000000000e+02
4.300000000000000000e+01 6.640000000000000000e+02
4.300000000000000000e+01 6.670000000000000000e+02
4.300000000000000000e+01 6.680000000000000000e+02
4.300000000000000000e+01 6.690000000000000000e+02
4.400000000000000000e+01 6.630000000000000000e+02
4.400000000000000000e+01 6.640000000000000000e+02
4.400000000000000000e+01 6.670000000000000000e+02
4.400000000000000000e+01 6.680000000000000000e+02
4.400000000000000000e+01 6.690000000000000000e+02
4.500000000000000000e+01 6.630000000000000000e+02
4.500000000000000000e+01 6.640000000000000000e+02
4.500000000000000000e+01 6.650000000000000000e+02
4.500000000000000000e+01 6.660000000000000000e+02
4.500000000000000000e+01 6.690000000000000000e+02
4.500000000000000000e+01 6.700000000000000000e+02
4.600000000000000000e+01 6.640000000000000000e+02
4.600000000000000000e+01 6.650000000000000000e+02
4.600000000000000000e+01 6.660000000000000000e+02
4.600000000000000000e+01 6.680000000000000000e+02
4.600000000000000000e+01 6.690000000000000000e+02
4.600000000000000000e+01 6.700000000000000000e+02
4.600000000000000000e+01 6.710000000000000000e+02
4.700000000000000000e+01 6.650000000000000000e+02
4.700000000000000000e+01 6.660000000000000000e+02
4.700000000000000000e+01 6.670000000000000000e+02
4.700000000000000000e+01 6.680000000000000000e+02
4.700000000000000000e+01 6.690000000000000000e+02
4.700000000000000000e+01 6.700000000000000000e+02
4.700000000000000000e+01 6.710000000000000000e+02
4.700000000000000000e+01 6.720000000000000000e+02
4.800000000000000000e+01 6.660000000000000000e+02
4.800000000000000000e+01 6.670000000000000000e+02
4.800000000000000000e+01 6.680000000000000000e+02
4.800000000000000000e+01 6.690000000000000000e+02
4.800000000000000000e+01 6.700000000000000000e+02
4.800000000000000000e+01 6.710000000000000000e+02
4.800000000000000000e+01 6.720000000000000000e+02
4.800000000000000000e+01 6.730000000000000000e+02
4.900000000000000000e+01 6.660000000000000000e+02
4.900000000000000000e+01 6.670000000000000000e+02
4.900000000000000000e+01 6.680000000000000000e+02
4.900000000000000000e+01 6.690000000000000000e+02
4.900000000000000000e+01 6.700000000000000000e+02
4.900000000000000000e+01 6.710000000000000000e+02
4.900000000000000000e+01 6.720000000000000000e+02
4.900000000000000000e+01 6.730000000000000000e+02
5.000000000000000000e+01 6.670000000000000000e+02
5.000000000000000000e+01 6.680000000000000000e+02
5.000000000000000000e+01 6.690000000000000000e+02
5.000000000000000000e+01 6.700000000000000000e+02
5.000000000000000000e+01 6.720000000000000000e+02
5.000000000000000000e+01 6.730000000000000000e+02
5.000000000000000000e+01 6.740000000000000000e+02
5.100000000000000000e+01 6.680000000000000000e+02
5.100000000000000000e+01 6.690000000000000000e+02
5.100000000000000000e+01 6.700000000000000000e+02
5.100000000000000000e+01 6.730000000000000000e+02
5.100000000000000000e+01 6.740000000000000000e+02
5.200000000000000000e+01 6.680000000000000000e+02
5.200000000000000000e+01 6.690000000000000000e+02
5.200000000000000000e+01 6.700000000000000000e+02
5.200000000000000000e+01 6.710000000000000000e+02
5.200000000000000000e+01 6.730000000000000000e+02
5.200000000000000000e+01 6.740000000000000000e+02
5.200000000000000000e+01 6.750000000000000000e+02
5.300000000000000000e+01 6.690000000000000000e+02
5.300000000000000000e+01 6.700000000000000000e+02
5.300000000000000000e+01 6.710000000000000000e+02
5.300000000000000000e+01 6.720000000000000000e+02
5.300000000000000000e+01 6.750000000000000000e+02
5.300000000000000000e+01 6.760000000000000000e+02
5.400000000000000000e+01 6.700000000000000000e+02
5.400000000000000000e+01 6.710000000000000000e+02
5.400000000000000000e+01 6.720000000000000000e+02
5.400000000000000000e+01 6.730000000000000000e+02
5.400000000000000000e+01 6.740000000000000000e+02
5.400000000000000000e+01 6.750000000000000000e+02
5.400000000000000000e+01 6.760000000000000000e+02
5.400000000000000000e+01 6.770000000000000000e+02
5.500000000000000000e+01 6.710000000000000000e+02
5.500000000000000000e+01 6.720000000000000000e+02
5.500000000000000000e+01 6.730000000000000000e+02
5.500000000000000000e+01 6.740000000000000000e+02
5.500000000000000000e+01 6.750000000000000000e+02
5.500000000000000000e+01 6.760000000000000000e+02
5.500000000000000000e+01 6.770000000000000000e+02
5.600000000000000000e+01 6.720000000000000000e+02
5.600000000000000000e+01 6.730000000000000000e+02
5.600000000000000000e+01 6.740000000000000000e+02
5.600000000000000000e+01 6.750000000000000000e+02
5.600000000000000000e+01 6.760000000000000000e+02
5.600000000000000000e+01 6.770000000000000000e+02
5.600000000000000000e+01 6.780000000000000000e+02
5.700000000000000000e+01 6.720000000000000000e+02
5.700000000000000000e+01 6.730000000000000000e+02
5.700000000000000000e+01 6.740000000000000000e+02
5.700000000000000000e+01 6.750000000000000000e+02
5.700000000000000000e+01 6.760000000000000000e+02
5.700000000000000000e+01 6.770000000000000000e+02
5.700000000000000000e+01 6.780000000000000000e+02
5.700000000000000000e+01 6.790000000000000000e+02
5.800000000000000000e+01 6.730000000000000000e+02
5.800000000000000000e+01 6.740000000000000000e+02
5.800000000000000000e+01 6.750000000000000000e+02
5.800000000000000000e+01 6.760000000000000000e+02
5.800000000000000000e+01 6.770000000000000000e+02
5.800000000000000000e+01 6.780000000000000000e+02
5.800000000000000000e+01 6.790000000000000000e+02
5.800000000000000000e+01 6.800000000000000000e+02
5.900000000000000000e+01 6.740000000000000000e+02
5.900000000000000000e+01 6.750000000000000000e+02
5.900000000000000000e+01 6.760000000000000000e+02
5.900000000000000000e+01 6.780000000000000000e+02
5.900000000000000000e+01 6.790000000000000000e+02
5.900000000000000000e+01 6.800000000000000000e+02
6.000000000000000000e+01 6.750000000000000000e+02
6.000000000000000000e+01 6.760000000000000000e+02
6.000000000000000000e+01 6.790000000000000000e+02
6.000000000000000000e+01 6.800000000000000000e+02
6.000000000000000000e+01 6.810000000000000000e+02
6.100000000000000000e+01 6.760000000000000000e+02
6.100000000000000000e+01 6.770000000000000000e+02
6.100000000000000000e+01 6.780000000000000000e+02
6.100000000000000000e+01 6.790000000000000000e+02
6.100000000000000000e+01 6.800000000000000000e+02
6.100000000000000000e+01 6.810000000000000000e+02
7.500000000000000000e+01 6.880000000000000000e+02
7.500000000000000000e+01 6.890000000000000000e+02
7.600000000000000000e+01 6.870000000000000000e+02
7.600000000000000000e+01 6.880000000000000000e+02
7.600000000000000000e+01 6.890000000000000000e+02
7.700000000000000000e+01 6.860000000000000000e+02
7.700000000000000000e+01 6.890000000000000000e+02
7.700000000000000000e+01 6.900000000000000000e+02
7.800000000000000000e+01 6.850000000000000000e+02
7.800000000000000000e+01 6.860000000000000000e+02
7.800000000000000000e+01 6.870000000000000000e+02
7.800000000000000000e+01 6.890000000000000000e+02
7.800000000000000000e+01 6.900000000000000000e+02
7.800000000000000000e+01 6.910000000000000000e+02
7.900000000000000000e+01 6.850000000000000000e+02
7.900000000000000000e+01 6.860000000000000000e+02
7.900000000000000000e+01 6.870000000000000000e+02
7.900000000000000000e+01 6.880000000000000000e+02
7.900000000000000000e+01 6.890000000000000000e+02
7.900000000000000000e+01 6.900000000000000000e+02
7.900000000000000000e+01 6.910000000000000000e+02
8.000000000000000000e+01 6.850000000000000000e+02
8.000000000000000000e+01 6.860000000000000000e+02
8.000000000000000000e+01 6.870000000000000000e+02
8.000000000000000000e+01 6.880000000000000000e+02
8.000000000000000000e+01 6.890000000000000000e+02
8.000000000000000000e+01 6.900000000000000000e+02
8.000000000000000000e+01 6.910000000000000000e+02
8.000000000000000000e+01 6.920000000000000000e+02
8.100000000000000000e+01 6.860000000000000000e+02
8.100000000000000000e+01 6.870000000000000000e+02
8.100000000000000000e+01 6.880000000000000000e+02
8.100000000000000000e+01 6.900000000000000000e+02
8.100000000000000000e+01 6.910000000000000000e+02
8.100000000000000000e+01 6.920000000000000000e+02
8.100000000000000000e+01 6.930000000000000000e+02
8.200000000000000000e+01 6.870000000000000000e+02
8.200000000000000000e+01 6.880000000000000000e+02
8.200000000000000000e+01 6.910000000000000000e+02
8.200000000000000000e+01 6.920000000000000000e+02
8.200000000000000000e+01 6.930000000000000000e+02
8.300000000000000000e+01 6.880000000000000000e+02
8.300000000000000000e+01 6.890000000000000000e+02
8.300000000000000000e+01 6.900000000000000000e+02
8.300000000000000000e+01 6.930000000000000000e+02
8.300000000000000000e+01 6.940000000000000000e+02
8.400000000000000000e+01 6.880000000000000000e+02
8.400000000000000000e+01 6.890000000000000000e+02
8.400000000000000000e+01 6.900000000000000000e+02
8.400000000000000000e+01 6.930000000000000000e+02
8.400000000000000000e+01 6.940000000000000000e+02
8.400000000000000000e+01 6.950000000000000000e+02
8.500000000000000000e+01 6.890000000000000000e+02
8.500000000000000000e+01 6.900000000000000000e+02
8.500000000000000000e+01 6.910000000000000000e+02
8.500000000000000000e+01 6.930000000000000000e+02
8.500000000000000000e+01 6.940000000000000000e+02
8.500000000000000000e+01 6.950000000000000000e+02
8.600000000000000000e+01 6.900000000000000000e+02
8.600000000000000000e+01 6.910000000000000000e+02
8.600000000000000000e+01 6.920000000000000000e+02
8.600000000000000000e+01 6.940000000000000000e+02
8.600000000000000000e+01 6.950000000000000000e+02
8.600000000000000000e+01 6.960000000000000000e+02
8.700000000000000000e+01 6.900000000000000000e+02
8.700000000000000000e+01 6.910000000000000000e+02
8.700000000000000000e+01 6.920000000000000000e+02
8.700000000000000000e+01 6.950000000000000000e+02
8.700000000000000000e+01 6.960000000000000000e+02
8.700000000000000000e+01 6.970000000000000000e+02
8.800000000000000000e+01 6.910000000000000000e+02
8.800000000000000000e+01 6.920000000000000000e+02
8.800000000000000000e+01 6.930000000000000000e+02
8.800000000000000000e+01 6.940000000000000000e+02
8.800000000000000000e+01 6.950000000000000000e+02
8.800000000000000000e+01 6.960000000000000000e+02
8.800000000000000000e+01 6.970000000000000000e+02
8.900000000000000000e+01 6.920000000000000000e+02
8.900000000000000000e+01 6.930000000000000000e+02
8.900000000000000000e+01 6.940000000000000000e+02
8.900000000000000000e+01 6.970000000000000000e+02
8.900000000000000000e+01 6.980000000000000000e+02
9.000000000000000000e+01 6.920000000000000000e+02
9.000000000000000000e+01 6.930000000000000000e+02
9.000000000000000000e+01 6.940000000000000000e+02
9.000000000000000000e+01 6.970000000000000000e+02
9.000000000000000000e+01 6.980000000000000000e+02
9.100000000000000000e+01 6.930000000000000000e+02
9.100000000000000000e+01 6.940000000000000000e+02
9.100000000000000000e+01 6.950000000000000000e+02
9.100000000000000000e+01 6.960000000000000000e+02
9.100000000000000000e+01 6.970000000000000000e+02
9.100000000000000000e+01 6.980000000000000000e+02
9.100000000000000000e+01 6.990000000000000000e+02
9.200000000000000000e+01 6.940000000000000000e+02
9.200000000000000000e+01 6.950000000000000000e+02
9.200000000000000000e+01 6.960000000000000000e+02
9.200000000000000000e+01 6.970000000000000000e+02
9.200000000000000000e+01 6.980000000000000000e+02
9.200000000000000000e+01 6.990000000000000000e+02
9.200000000000000000e+01 7.000000000000000000e+02
9.300000000000000000e+01 6.940000000000000000e+02
9.300000000000000000e+01 6.950000000000000000e+02
9.300000000000000000e+01 6.960000000000000000e+02
9.300000000000000000e+01 6.990000000000000000e+02
9.300000000000000000e+01 7.000000000000000000e+02
9.400000000000000000e+01 6.950000000000000000e+02
9.400000000000000000e+01 6.960000000000000000e+02
9.400000000000000000e+01 6.970000000000000000e+02
9.400000000000000000e+01 6.990000000000000000e+02
9.400000000000000000e+01 7.000000000000000000e+02
9.400000000000000000e+01 7.010000000000000000e+02
9.500000000000000000e+01 6.960000000000000000e+02
9.500000000000000000e+01 6.970000000000000000e+02
9.500000000000000000e+01 6.980000000000000000e+02
9.500000000000000000e+01 6.990000000000000000e+02
9.500000000000000000e+01 7.000000000000000000e+02
9.500000000000000000e+01 7.010000000000000000e+02
9.600000000000000000e+01 6.960000000000000000e+02
9.600000000000000000e+01 6.970000000000000000e+02
9.600000000000000000e+01 6.980000000000000000e+02
9.600000000000000000e+01 6.990000000000000000e+02
9.600000000000000000e+01 7.000000000000000000e+02
9.600000000000000000e+01 7.010000000000000000e+02
9.600000000000000000e+01 7.020000000000000000e+02
9.600000000000000000e+01 7.030000000000000000e+02
9.700000000000000000e+01 6.970000000000000000e+02
9.700000000000000000e+01 6.980000000000000000e+02
9.700000000000000000e+01 6.990000000000000000e+02
9.700000000000000000e+01 7.000000000000000000e+02
9.700000000000000000e+01 7.010000000000000000e+02
9.700000000000000000e+01 7.020000000000000000e+02
9.700000000000000000e+01 7.030000000000000000e+02
9.800000000000000000e+01 6.980000000000000000e+02
9.800000000000000000e+01 6.990000000000000000e+02
9.800000000000000000e+01 7.000000000000000000e+02
9.800000000000000000e+01 7.010000000000000000e+02
9.800000000000000000e+01 7.020000000000000000e+02
9.800000000000000000e+01 7.030000000000000000e+02
9.800000000000000000e+01 7.040000000000000000e+02
9.900000000000000000e+01 6.980000000000000000e+02
9.900000000000000000e+01 6.990000000000000000e+02
9.900000000000000000e+01 7.000000000000000000e+02
9.900000000000000000e+01 7.030000000000000000e+02
9.900000000000000000e+01 7.040000000000000000e+02
1.000000000000000000e+02 6.980000000000000000e+02
1.000000000000000000e+02 6.990000000000000000e+02
1.000000000000000000e+02 7.000000000000000000e+02
1.000000000000000000e+02 7.010000000000000000e+02
1.000000000000000000e+02 7.020000000000000000e+02
1.000000000000000000e+02 7.030000000000000000e+02
1.000000000000000000e+02 7.040000000000000000e+02
1.000000000000000000e+02 7.050000000000000000e+02
1.010000000000000000e+02 6.990000000000000000e+02
1.010000000000000000e+02 7.000000000000000000e+02
1.010000000000000000e+02 7.010000000000000000e+02
1.010000000000000000e+02 7.020000000000000000e+02
1.010000000000000000e+02 7.030000000000000000e+02
1.010000000000000000e+02 7.040000000000000000e+02
1.010000000000000000e+02 7.050000000000000000e+02
1.010000000000000000e+02 7.060000000000000000e+02
1.020000000000000000e+02 7.000000000000000000e+02
1.020000000000000000e+02 7.010000000000000000e+02
1.020000000000000000e+02 7.020000000000000000e+02
1.020000000000000000e+02 7.030000000000000000e+02
1.020000000000000000e+02 7.040000000000000000e+02
1.020000000000000000e+02 7.050000000000000000e+02
1.020000000000000000e+02 7.060000000000000000e+02
1.020000000000000000e+02 7.070000000000000000e+02
1.030000000000000000e+02 7.010000000000000000e+02
1.030000000000000000e+02 7.020000000000000000e+02
1.030000000000000000e+02 7.030000000000000000e+02
1.030000000000000000e+02 7.040000000000000000e+02
1.030000000000000000e+02 7.050000000000000000e+02
1.030000000000000000e+02 7.060000000000000000e+02
1.030000000000000000e+02 7.070000000000000000e+02
1.040000000000000000e+02 7.010000000000000000e+02
1.040000000000000000e+02 7.020000000000000000e+02
1.040000000000000000e+02 7.030000000000000000e+02
1.040000000000000000e+02 7.040000000000000000e+02
1.040000000000000000e+02 7.050000000000000000e+02
1.040000000000000000e+02 7.060000000000000000e+02
1.040000000000000000e+02 7.070000000000000000e+02
1.040000000000000000e+02 7.080000000000000000e+02
1.050000000000000000e+02 7.020000000000000000e+02
1.050000000000000000e+02 7.030000000000000000e+02
1.050000000000000000e+02 7.040000000000000000e+02
1.050000000000000000e+02 7.050000000000000000e+02
1.050000000000000000e+02 7.070000000000000000e+02
1.050000000000000000e+02 7.080000000000000000e+02
1.050000000000000000e+02 7.090000000000000000e+02
1.060000000000000000e+02 7.030000000000000000e+02
1.060000000000000000e+02 7.040000000000000000e+02
1.060000000000000000e+02 7.050000000000000000e+02
1.060000000000000000e+02 7.060000000000000000e+02
1.060000000000000000e+02 7.070000000000000000e+02
1.060000000000000000e+02 7.080000000000000000e+02
1.060000000000000000e+02 7.090000000000000000e+02
1.070000000000000000e+02 7.030000000000000000e+02
1.070000000000000000e+02 7.040000000000000000e+02
1.070000000000000000e+02 7.050000000000000000e+02
1.070000000000000000e+02 7.060000000000000000e+02
1.070000000000000000e+02 7.070000000000000000e+02
1.070000000000000000e+02 7.080000000000000000e+02
1.070000000000000000e+02 7.090000000000000000e+02
1.080000000000000000e+02 7.040000000000000000e+02
1.080000000000000000e+02 7.050000000000000000e+02
1.080000000000000000e+02 7.060000000000000000e+02
1.080000000000000000e+02 7.080000000000000000e+02
1.080000000000000000e+02 7.090000000000000000e+02
1.080000000000000000e+02 7.100000000000000000e+02
1.090000000000000000e+02 7.040000000000000000e+02
1.090000000000000000e+02 7.050000000000000000e+02
1.090000000000000000e+02 7.060000000000000000e+02
1.090000000000000000e+02 7.090000000000000000e+02
1.090000000000000000e+02 7.100000000000000000e+02
1.090000000000000000e+02 7.110000000000000000e+02
1.100000000000000000e+02 7.050000000000000000e+02
1.100000000000000000e+02 7.060000000000000000e+02
1.100000000000000000e+02 7.070000000000000000e+02
1.100000000000000000e+02 7.090000000000000000e+02
1.100000000000000000e+02 7.100000000000000000e+02
1.100000000000000000e+02 7.110000000000000000e+02
1.110000000000000000e+02 7.060000000000000000e+02
1.110000000000000000e+02 7.070000000000000000e+02
1.110000000000000000e+02 7.080000000000000000e+02
1.110000000000000000e+02 7.100000000000000000e+02
1.110000000000000000e+02 7.110000000000000000e+02
1.110000000000000000e+02 7.120000000000000000e+02
1.120000000000000000e+02 7.060000000000000000e+02
1.120000000000000000e+02 7.070000000000000000e+02
1.120000000000000000e+02 7.080000000000000000e+02
1.120000000000000000e+02 7.110000000000000000e+02
1.120000000000000000e+02 7.120000000000000000e+02
1.120000000000000000e+02 7.130000000000000000e+02
1.130000000000000000e+02 7.070000000000000000e+02
1.130000000000000000e+02 7.080000000000000000e+02
1.130000000000000000e+02 7.090000000000000000e+02
1.130000000000000000e+02 7.110000000000000000e+02
1.130000000000000000e+02 7.120000000000000000e+02
1.130000000000000000e+02 7.130000000000000000e+02
1.130000000000000000e+02 9.360000000000000000e+02
1.140000000000000000e+02 7.080000000000000000e+02
1.140000000000000000e+02 7.090000000000000000e+02
1.140000000000000000e+02 7.100000000000000000e+02
1.140000000000000000e+02 7.120000000000000000e+02
1.140000000000000000e+02 7.130000000000000000e+02
1.140000000000000000e+02 7.140000000000000000e+02
1.150000000000000000e+02 7.080000000000000000e+02
1.150000000000000000e+02 7.090000000000000000e+02
1.150000000000000000e+02 7.100000000000000000e+02
1.150000000000000000e+02 7.110000000000000000e+02
1.150000000000000000e+02 7.130000000000000000e+02
1.150000000000000000e+02 7.140000000000000000e+02
1.160000000000000000e+02 7.090000000000000000e+02
1.160000000000000000e+02 7.100000000000000000e+02
1.160000000000000000e+02 7.110000000000000000e+02
1.160000000000000000e+02 7.140000000000000000e+02
1.160000000000000000e+02 7.150000000000000000e+02
1.170000000000000000e+02 7.100000000000000000e+02
1.170000000000000000e+02 7.110000000000000000e+02
1.170000000000000000e+02 7.150000000000000000e+02
1.170000000000000000e+02 7.160000000000000000e+02
1.180000000000000000e+02 7.100000000000000000e+02
1.180000000000000000e+02 7.110000000000000000e+02
1.180000000000000000e+02 7.120000000000000000e+02
1.180000000000000000e+02 7.150000000000000000e+02
1.180000000000000000e+02 7.160000000000000000e+02
1.180000000000000000e+02 7.170000000000000000e+02
1.190000000000000000e+02 7.110000000000000000e+02
1.190000000000000000e+02 7.120000000000000000e+02
1.190000000000000000e+02 7.130000000000000000e+02
1.190000000000000000e+02 7.150000000000000000e+02
1.190000000000000000e+02 7.160000000000000000e+02
1.190000000000000000e+02 7.170000000000000000e+02
1.200000000000000000e+02 7.120000000000000000e+02
1.200000000000000000e+02 7.130000000000000000e+02
1.200000000000000000e+02 7.140000000000000000e+02
1.200000000000000000e+02 7.160000000000000000e+02
1.200000000000000000e+02 7.170000000000000000e+02
1.210000000000000000e+02 7.120000000000000000e+02
1.210000000000000000e+02 7.130000000000000000e+02
1.210000000000000000e+02 7.140000000000000000e+02
1.210000000000000000e+02 7.170000000000000000e+02
1.220000000000000000e+02 7.130000000000000000e+02
1.220000000000000000e+02 7.140000000000000000e+02
1.220000000000000000e+02 7.150000000000000000e+02
1.220000000000000000e+02 7.170000000000000000e+02
1.230000000000000000e+02 7.140000000000000000e+02
1.230000000000000000e+02 7.150000000000000000e+02
1.230000000000000000e+02 7.160000000000000000e+02
1.230000000000000000e+02 7.170000000000000000e+02
6.280000000000000000e+02 9.570000000000000000e+02
6.280000000000000000e+02 9.580000000000000000e+02
6.280000000000000000e+02 9.590000000000000000e+02
6.280000000000000000e+02 9.600000000000000000e+02
6.280000000000000000e+02 9.610000000000000000e+02
6.280000000000000000e+02 9.620000000000000000e+02
6.280000000000000000e+02 9.630000000000000000e+02
6.290000000000000000e+02 9.560000000000000000e+02
6.290000000000000000e+02 9.570000000000000000e+02
6.290000000000000000e+02 9.580000000000000000e+02
6.290000000000000000e+02 9.590000000000000000e+02
6.290000000000000000e+02 9.600000000000000000e+02
6.290000000000000000e+02 9.610000000000000000e+02
6.290000000000000000e+02 9.620000000000000000e+02
6.290000000000000000e+02 9.630000000000000000e+02
6.290000000000000000e+02 9.640000000000000000e+02
6.290000000000000000e+02 9.650000000000000000e+02
6.300000000000000000e+02 9.540000000000000000e+02
6.300000000000000000e+02 9.550000000000000000e+02
6.300000000000000000e+02 9.560000000000000000e+02
6.300000000000000000e+02 9.570000000000000000e+02
6.300000000000000000e+02 9.580000000000000000e+02
6.300000000000000000e+02 9.590000000000000000e+02
6.300000000000000000e+02 9.600000000000000000e+02
6.300000000000000000e+02 9.610000000000000000e+02
6.300000000000000000e+02 9.620000000000000000e+02
6.300000000000000000e+02 9.630000000000000000e+02
6.300000000000000000e+02 9.640000000000000000e+02
6.300000000000000000e+02 9.650000000000000000e+02
6.300000000000000000e+02 9.660000000000000000e+02
6.310000000000000000e+02 9.530000000000000000e+02
6.310000000000000000e+02 9.540000000000000000e+02
6.310000000000000000e+02 9.550000000000000000e+02
6.310000000000000000e+02 9.560000000000000000e+02
6.310000000000000000e+02 9.570000000000000000e+02
6.310000000000000000e+02 9.580000000000000000e+02
6.310000000000000000e+02 9.590000000000000000e+02
6.310000000000000000e+02 9.600000000000000000e+02
6.310000000000000000e+02 9.610000000000000000e+02
6.310000000000000000e+02 9.620000000000000000e+02
6.310000000000000000e+02 9.630000000000000000e+02
6.310000000000000000e+02 9.640000000000000000e+02
6.310000000000000000e+02 9.650000000000000000e+02
6.310000000000000000e+02 9.660000000000000000e+02
6.310000000000000000e+02 9.670000000000000000e+02
6.320000000000000000e+02 9.530000000000000000e+02
6.320000000000000000e+02 9.540000000000000000e+02
6.320000000000000000e+02 9.550000000000000000e+02
6.320000000000000000e+02 9.560000000000000000e+02
6.320000000000000000e+02 9.570000000000000000e+02
6.320000000000000000e+02 9.580000000000000000e+02
6.320000000000000000e+02 9.590000000000000000e+02
6.320000000000000000e+02 9.600000000000000000e+02
6.320000000000000000e+02 9.610000000000000000e+02
6.320000000000000000e+02 9.620000000000000000e+02
6.320000000000000000e+02 9.630000000000000000e+02
6.320000000000000000e+02 9.640000000000000000e+02
6.320000000000000000e+02 9.650000000000000000e+02
6.320000000000000000e+02 9.660000000000000000e+02
6.320000000000000000e+02 9.670000000000000000e+02
6.330000000000000000e+02 9.520000000000000000e+02
6.330000000000000000e+02 9.530000000000000000e+02
6.330000000000000000e+02 9.540000000000000000e+02
6.330000000000000000e+02 9.550000000000000000e+02
6.330000000000000000e+02 9.560000000000000000e+02
6.330000000000000000e+02 9.570000000000000000e+02
6.330000000000000000e+02 9.580000000000000000e+02
6.330000000000000000e+02 9.590000000000000000e+02
6.330000000000000000e+02 9.600000000000000000e+02
6.330000000000000000e+02 9.610000000000000000e+02
6.330000000000000000e+02 9.620000000000000000e+02
6.330000000000000000e+02 9.630000000000000000e+02
6.330000000000000000e+02 9.640000000000000000e+02
6.330000000000000000e+02 9.650000000000000000e+02
6.330000000000000000e+02 9.660000000000000000e+02
6.330000000000000000e+02 9.670000000000000000e+02
6.330000000000000000e+02 9.680000000000000000e+02
6.340000000000000000e+02 9.520000000000000000e+02
6.340000000000000000e+02 9.530000000000000000e+02
6.340000000000000000e+02 9.540000000000000000e+02
6.340000000000000000e+02 9.550000000000000000e+02
6.340000000000000000e+02 9.560000000000000000e+02
6.340000000000000000e+02 9.570000000000000000e+02
6.340000000000000000e+02 9.630000000000000000e+02
6.340000000000000000e+02 9.640000000000000000e+02
6.340000000000000000e+02 9.650000000000000000e+02
6.340000000000000000e+02 9.660000000000000000e+02
6.340000000000000000e+02 9.670000000000000000e+02
6.340000000000000000e+02 9.680000000000000000e+02
6.350000000000000000e+02 9.520000000000000000e+02
6.350000000000000000e+02 9.530000000000000000e+02
6.350000000000000000e+02 9.540000000000000000e+02
6.350000000000000000e+02 9.550000000000000000e+02
6.350000000000000000e+02 9.560000000000000000e+02
6.350000000000000000e+02 9.640000000000000000e+02
6.350000000000000000e+02 9.650000000000000000e+02
6.350000000000000000e+02 9.660000000000000000e+02
6.350000000000000000e+02 9.670000000000000000e+02
6.350000000000000000e+02 9.680000000000000000e+02
6.360000000000000000e+02 9.520000000000000000e+02
6.360000000000000000e+02 9.530000000000000000e+02
6.360000000000000000e+02 9.540000000000000000e+02
6.360000000000000000e+02 9.550000000000000000e+02
6.360000000000000000e+02 9.560000000000000000e+02
6.360000000000000000e+02 9.640000000000000000e+02
6.360000000000000000e+02 9.650000000000000000e+02
6.360000000000000000e+02 9.660000000000000000e+02
6.360000000000000000e+02 9.670000000000000000e+02
6.360000000000000000e+02 9.680000000000000000e+02
6.360000000000000000e+02 9.690000000000000000e+02
6.370000000000000000e+02 9.520000000000000000e+02
6.370000000000000000e+02 9.530000000000000000e+02
6.370000000000000000e+02 9.540000000000000000e+02
6.370000000000000000e+02 9.550000000000000000e+02
6.370000000000000000e+02 9.560000000000000000e+02
6.370000000000000000e+02 9.640000000000000000e+02
6.370000000000000000e+02 9.650000000000000000e+02
6.370000000000000000e+02 9.660000000000000000e+02
6.370000000000000000e+02 9.670000000000000000e+02
6.370000000000000000e+02 9.680000000000000000e+02
6.370000000000000000e+02 9.690000000000000000e+02
6.380000000000000000e+02 9.520000000000000000e+02
6.380000000000000000e+02 9.530000000000000000e+02
6.380000000000000000e+02 9.540000000000000000e+02
6.380000000000000000e+02 9.550000000000000000e+02
6.380000000000000000e+02 9.560000000000000000e+02
6.380000000000000000e+02 9.640000000000000000e+02
6.380000000000000000e+02 9.650000000000000000e+02
6.380000000000000000e+02 9.660000000000000000e+02
6.380000000000000000e+02 9.670000000000000000e+02
6.380000000000000000e+02 9.680000000000000000e+02
6.380000000000000000e+02 9.690000000000000000e+02
6.390000000000000000e+02 9.520000000000000000e+02
6.390000000000000000e+02 9.530000000000000000e+02
6.390000000000000000e+02 9.540000000000000000e+02
6.390000000000000000e+02 9.550000000000000000e+02
6.390000000000000000e+02 9.560000000000000000e+02
6.390000000000000000e+02 9.640000000000000000e+02
6.390000000000000000e+02 9.650000000000000000e+02
6.390000000000000000e+02 9.660000000000000000e+02
6.390000000000000000e+02 9.670000000000000000e+02
6.390000000000000000e+02 9.680000000000000000e+02
6.400000000000000000e+02 9.530000000000000000e+02
6.400000000000000000e+02 9.540000000000000000e+02
6.400000000000000000e+02 9.550000000000000000e+02
6.400000000000000000e+02 9.560000000000000000e+02
6.400000000000000000e+02 9.570000000000000000e+02
6.400000000000000000e+02 9.630000000000000000e+02
6.400000000000000000e+02 9.640000000000000000e+02
6.400000000000000000e+02 9.650000000000000000e+02
6.400000000000000000e+02 9.660000000000000000e+02
6.400000000000000000e+02 9.670000000000000000e+02
6.400000000000000000e+02 9.680000000000000000e+02
6.410000000000000000e+02 9.530000000000000000e+02
6.410000000000000000e+02 9.540000000000000000e+02
6.410000000000000000e+02 9.550000000000000000e+02
6.410000000000000000e+02 9.560000000000000000e+02
6.410000000000000000e+02 9.570000000000000000e+02
6.410000000000000000e+02 9.580000000000000000e+02
6.410000000000000000e+02 9.590000000000000000e+02
6.410000000000000000e+02 9.600000000000000000e+02
6.410000000000000000e+02 9.610000000000000000e+02
6.410000000000000000e+02 9.620000000000000000e+02
6.410000000000000000e+02 9.630000000000000000e+02
6.410000000000000000e+02 9.640000000000000000e+02
6.410000000000000000e+02 9.650000000000000000e+02
6.410000000000000000e+02 9.660000000000000000e+02
6.410000000000000000e+02 9.670000000000000000e+02
6.410000000000000000e+02 9.680000000000000000e+02
6.420000000000000000e+02 9.530000000000000000e+02
6.420000000000000000e+02 9.540000000000000000e+02
6.420000000000000000e+02 9.550000000000000000e+02
6.420000000000000000e+02 9.560000000000000000e+02
6.420000000000000000e+02 9.570000000000000000e+02
6.420000000000000000e+02 9.580000000000000000e+02
6.420000000000000000e+02 9.590000000000000000e+02
6.420000000000000000e+02 9.600000000000000000e+02
6.420000000000000000e+02 9.610000000000000000e+02
6.420000000000000000e+02 9.620000000000000000e+02
6.420000000000000000e+02 9.630000000000000000e+02
6.420000000000000000e+02 9.640000000000000000e+02
6.420000000000000000e+02 9.650000000000000000e+02
6.420000000000000000e+02 9.660000000000000000e+02
6.420000000000000000e+02 9.670000000000000000e+02
6.430000000000000000e+02 9.540000000000000000e+02
6.430000000000000000e+02 9.550000000000000000e+02
6.430000000000000000e+02 9.560000000000000000e+02
6.430000000000000000e+02 9.570000000000000000e+02
6.430000000000000000e+02 9.580000000000000000e+02
6.430000000000000000e+02 9.590000000000000000e+02
6.430000000000000000e+02 9.600000000000000000e+02
6.430000000000000000e+02 9.610000000000000000e+02
6.430000000000000000e+02 9.620000000000000000e+02
6.430000000000000000e+02 9.630000000000000000e+02
6.430000000000000000e+02 9.640000000000000000e+02
6.430000000000000000e+02 9.650000000000000000e+02
6.430000000000000000e+02 9.660000000000000000e+02
6.440000000000000000e+02 9.540000000000000000e+02
6.440000000000000000e+02 9.550000000000000000e+02
6.440000000000000000e+02 9.560000000000000000e+02
6.440000000000000000e+02 9.570000000000000000e+02
6.440000000000000000e+02 9.580000000000000000e+02
6.440000000000000000e+02 9.590000000000000000e+02
6.440000000000000000e+02 9.600000000000000000e+02
6.440000000000000000e+02 9.610000000000000000e+02
6.440000000000000000e+02 9.620000000000000000e+02
6.440000000000000000e+02 9.630000000000000000e+02
6.440000000000000000e+02 9.640000000000000000e+02
6.440000000000000000e+02 9.650000000000000000e+02
6.450000000000000000e+02 9.550000000000000000e+02
6.450000000000000000e+02 9.560000000000000000e+02
6.450000000000000000e+02 9.570000000000000000e+02
6.450000000000000000e+02 9.580000000000000000e+02
6.450000000000000000e+02 9.590000000000000000e+02
6.450000000000000000e+02 9.600000000000000000e+02
6.450000000000000000e+02 9.610000000000000000e+02
6.450000000000000000e+02 9.620000000000000000e+02
6.450000000000000000e+02 9.630000000000000000e+02
6.450000000000000000e+02 9.640000000000000000e+02
6.460000000000000000e+02 9.560000000000000000e+02
6.460000000000000000e+02 9.570000000000000000e+02
6.460000000000000000e+02 9.580000000000000000e+02
6.460000000000000000e+02 9.590000000000000000e+02
6.460000000000000000e+02 9.600000000000000000e+02
6.460000000000000000e+02 9.610000000000000000e+02
6.460000000000000000e+02 9.620000000000000000e+02
6.460000000000000000e+02 9.630000000000000000e+02
6.460000000000000000e+02 9.640000000000000000e+02
6.470000000000000000e+02 9.570000000000000000e+02
6.470000000000000000e+02 9.580000000000000000e+02
6.470000000000000000e+02 9.590000000000000000e+02
6.470000000000000000e+02 9.600000000000000000e+02
6.470000000000000000e+02 9.610000000000000000e+02
6.470000000000000000e+02 9.620000000000000000e+02
6.470000000000000000e+02 9.630000000000000000e+02
6.480000000000000000e+02 9.580000000000000000e+02
6.480000000000000000e+02 9.590000000000000000e+02
6.480000000000000000e+02 9.600000000000000000e+02
6.480000000000000000e+02 9.610000000000000000e+02
6.480000000000000000e+02 9.620000000000000000e+02
6.490000000000000000e+02 9.580000000000000000e+02
6.490000000000000000e+02 9.590000000000000000e+02
6.490000000000000000e+02 9.600000000000000000e+02
6.490000000000000000e+02 9.610000000000000000e+02
6.490000000000000000e+02 9.620000000000000000e+02
6.500000000000000000e+02 9.590000000000000000e+02
6.500000000000000000e+02 9.600000000000000000e+02
6.500000000000000000e+02 9.610000000000000000e+02
6.510000000000000000e+02 9.590000000000000000e+02
6.510000000000000000e+02 9.600000000000000000e+02
6.510000000000000000e+02 9.610000000000000000e+02
9.080000000000000000e+02 6.600000000000000000e+02
9.080000000000000000e+02 6.610000000000000000e+02
9.080000000000000000e+02 6.620000000000000000e+02
9.090000000000000000e+02 6.590000000000000000e+02
9.090000000000000000e+02 6.600000000000000000e+02
9.090000000000000000e+02 6.610000000000000000e+02
9.090000000000000000e+02 6.620000000000000000e+02
9.090000000000000000e+02 6.630000000000000000e+02
9.100000000000000000e+02 6.560000000000000000e+02
9.100000000000000000e+02 6.570000000000000000e+02
9.100000000000000000e+02 6.580000000000000000e+02
9.100000000000000000e+02 6.590000000000000000e+02
9.100000000000000000e+02 6.600000000000000000e+02
9.100000000000000000e+02 6.610000000000000000e+02
9.100000000000000000e+02 6.620000000000000000e+02
9.100000000000000000e+02 6.630000000000000000e+02
9.100000000000000000e+02 6.640000000000000000e+02
9.110000000000000000e+02 6.550000000000000000e+02
9.110000000000000000e+02 6.560000000000000000e+02
9.110000000000000000e+02 6.570000000000000000e+02
9.110000000000000000e+02 6.580000000000000000e+02
9.110000000000000000e+02 6.610000000000000000e+02
9.110000000000000000e+02 6.620000000000000000e+02
9.110000000000000000e+02 6.630000000000000000e+02
9.110000000000000000e+02 6.640000000000000000e+02
9.110000000000000000e+02 6.650000000000000000e+02
9.120000000000000000e+02 6.540000000000000000e+02
9.120000000000000000e+02 6.550000000000000000e+02
9.120000000000000000e+02 6.560000000000000000e+02
9.120000000000000000e+02 6.570000000000000000e+02
9.120000000000000000e+02 6.580000000000000000e+02
9.120000000000000000e+02 6.610000000000000000e+02
9.120000000000000000e+02 6.620000000000000000e+02
9.120000000000000000e+02 6.630000000000000000e+02
9.120000000000000000e+02 6.640000000000000000e+02
9.130000000000000000e+02 6.520000000000000000e+02
9.130000000000000000e+02 6.530000000000000000e+02
9.130000000000000000e+02 6.540000000000000000e+02
9.130000000000000000e+02 6.550000000000000000e+02
9.130000000000000000e+02 6.560000000000000000e+02
9.130000000000000000e+02 6.570000000000000000e+02
9.130000000000000000e+02 6.580000000000000000e+02
9.130000000000000000e+02 6.590000000000000000e+02
9.130000000000000000e+02 6.600000000000000000e+02
9.130000000000000000e+02 6.610000000000000000e+02
9.130000000000000000e+02 6.620000000000000000e+02
9.130000000000000000e+02 6.630000000000000000e+02
9.140000000000000000e+02 6.500000000000000000e+02
9.140000000000000000e+02 6.510000000000000000e+02
9.140000000000000000e+02 6.520000000000000000e+02
9.140000000000000000e+02 6.530000000000000000e+02
9.140000000000000000e+02 6.540000000000000000e+02
9.140000000000000000e+02 6.550000000000000000e+02
9.140000000000000000e+02 6.560000000000000000e+02
9.140000000000000000e+02 6.570000000000000000e+02
9.140000000000000000e+02 6.580000000000000000e+02
9.140000000000000000e+02 6.590000000000000000e+02
9.140000000000000000e+02 6.600000000000000000e+02
9.140000000000000000e+02 6.610000000000000000e+02
9.140000000000000000e+02 6.620000000000000000e+02
9.150000000000000000e+02 6.490000000000000000e+02
9.150000000000000000e+02 6.500000000000000000e+02
9.150000000000000000e+02 6.510000000000000000e+02
9.150000000000000000e+02 6.520000000000000000e+02
9.150000000000000000e+02 6.550000000000000000e+02
9.150000000000000000e+02 6.560000000000000000e+02
9.150000000000000000e+02 6.570000000000000000e+02
9.150000000000000000e+02 6.580000000000000000e+02
9.150000000000000000e+02 6.590000000000000000e+02
9.160000000000000000e+02 6.480000000000000000e+02
9.160000000000000000e+02 6.490000000000000000e+02
9.160000000000000000e+02 6.500000000000000000e+02
9.160000000000000000e+02 6.510000000000000000e+02
9.160000000000000000e+02 6.520000000000000000e+02
9.160000000000000000e+02 6.540000000000000000e+02
9.160000000000000000e+02 6.550000000000000000e+02
9.160000000000000000e+02 6.560000000000000000e+02
9.160000000000000000e+02 6.570000000000000000e+02
9.170000000000000000e+02 6.460000000000000000e+02
9.170000000000000000e+02 6.470000000000000000e+02
9.170000000000000000e+02 6.480000000000000000e+02
9.170000000000000000e+02 6.490000000000000000e+02
9.170000000000000000e+02 6.500000000000000000e+02
9.170000000000000000e+02 6.520000000000000000e+02
9.170000000000000000e+02 6.530000000000000000e+02
9.170000000000000000e+02 6.540000000000000000e+02
9.170000000000000000e+02 6.550000000000000000e+02
9.170000000000000000e+02 6.560000000000000000e+02
9.170000000000000000e+02 6.570000000000000000e+02
9.180000000000000000e+02 6.440000000000000000e+02
9.180000000000000000e+02 6.450000000000000000e+02
9.180000000000000000e+02 6.460000000000000000e+02
9.180000000000000000e+02 6.470000000000000000e+02
9.180000000000000000e+02 6.480000000000000000e+02
9.180000000000000000e+02 6.490000000000000000e+02
9.180000000000000000e+02 6.520000000000000000e+02
9.180000000000000000e+02 6.530000000000000000e+02
9.180000000000000000e+02 6.540000000000000000e+02
9.180000000000000000e+02 6.550000000000000000e+02
9.190000000000000000e+02 6.430000000000000000e+02
9.190000000000000000e+02 6.440000000000000000e+02
9.190000000000000000e+02 6.450000000000000000e+02
9.190000000000000000e+02 6.460000000000000000e+02
9.190000000000000000e+02 6.470000000000000000e+02
9.190000000000000000e+02 6.490000000000000000e+02
9.190000000000000000e+02 6.500000000000000000e+02
9.190000000000000000e+02 6.510000000000000000e+02
9.190000000000000000e+02 6.520000000000000000e+02
9.190000000000000000e+02 6.530000000000000000e+02
9.190000000000000000e+02 6.540000000000000000e+02
9.200000000000000000e+02 6.410000000000000000e+02
9.200000000000000000e+02 6.420000000000000000e+02
9.200000000000000000e+02 6.430000000000000000e+02
9.200000000000000000e+02 6.440000000000000000e+02
9.200000000000000000e+02 6.450000000000000000e+02
9.200000000000000000e+02 6.460000000000000000e+02
9.200000000000000000e+02 6.490000000000000000e+02
9.200000000000000000e+02 6.500000000000000000e+02
9.200000000000000000e+02 6.510000000000000000e+02
9.200000000000000000e+02 6.520000000000000000e+02
9.210000000000000000e+02 6.400000000000000000e+02
9.210000000000000000e+02 6.410000000000000000e+02
9.210000000000000000e+02 6.420000000000000000e+02
9.210000000000000000e+02 6.450000000000000000e+02
9.210000000000000000e+02 6.460000000000000000e+02
9.210000000000000000e+02 6.470000000000000000e+02
9.210000000000000000e+02 6.480000000000000000e+02
9.210000000000000000e+02 6.490000000000000000e+02
9.210000000000000000e+02 6.500000000000000000e+02
9.210000000000000000e+02 6.510000000000000000e+02
9.220000000000000000e+02 6.380000000000000000e+02
9.220000000000000000e+02 6.390000000000000000e+02
9.220000000000000000e+02 6.400000000000000000e+02
9.220000000000000000e+02 6.410000000000000000e+02
9.220000000000000000e+02 6.420000000000000000e+02
9.220000000000000000e+02 6.430000000000000000e+02
9.220000000000000000e+02 6.450000000000000000e+02
9.220000000000000000e+02 6.460000000000000000e+02
9.220000000000000000e+02 6.470000000000000000e+02
9.220000000000000000e+02 6.480000000000000000e+02
9.220000000000000000e+02 6.490000000000000000e+02
9.230000000000000000e+02 6.370000000000000000e+02
9.230000000000000000e+02 6.380000000000000000e+02
9.230000000000000000e+02 6.390000000000000000e+02
9.230000000000000000e+02 6.400000000000000000e+02
9.230000000000000000e+02 6.430000000000000000e+02
9.230000000000000000e+02 6.440000000000000000e+02
9.230000000000000000e+02 6.450000000000000000e+02
9.230000000000000000e+02 6.460000000000000000e+02
9.230000000000000000e+02 6.470000000000000000e+02
9.230000000000000000e+02 6.480000000000000000e+02
9.240000000000000000e+02 6.350000000000000000e+02
9.240000000000000000e+02 6.360000000000000000e+02
9.240000000000000000e+02 6.370000000000000000e+02
9.240000000000000000e+02 6.380000000000000000e+02
9.240000000000000000e+02 6.390000000000000000e+02
9.240000000000000000e+02 6.400000000000000000e+02
9.240000000000000000e+02 6.410000000000000000e+02
9.240000000000000000e+02 6.430000000000000000e+02
9.240000000000000000e+02 6.440000000000000000e+02
9.240000000000000000e+02 6.450000000000000000e+02
9.240000000000000000e+02 6.460000000000000000e+02
9.250000000000000000e+02 6.340000000000000000e+02
9.250000000000000000e+02 6.350000000000000000e+02
9.250000000000000000e+02 6.360000000000000000e+02
9.250000000000000000e+02 6.390000000000000000e+02
9.250000000000000000e+02 6.400000000000000000e+02
9.250000000000000000e+02 6.410000000000000000e+02
9.250000000000000000e+02 6.420000000000000000e+02
9.250000000000000000e+02 6.430000000000000000e+02
9.250000000000000000e+02 6.440000000000000000e+02
9.260000000000000000e+02 6.320000000000000000e+02
9.260000000000000000e+02 6.330000000000000000e+02
9.260000000000000000e+02 6.340000000000000000e+02
9.260000000000000000e+02 6.350000000000000000e+02
9.260000000000000000e+02 6.360000000000000000e+02
9.260000000000000000e+02 6.390000000000000000e+02
9.260000000000000000e+02 6.400000000000000000e+02
9.260000000000000000e+02 6.410000000000000000e+02
9.260000000000000000e+02 6.420000000000000000e+02
9.270000000000000000e+02 6.310000000000000000e+02
9.270000000000000000e+02 6.320000000000000000e+02
9.270000000000000000e+02 6.330000000000000000e+02
9.270000000000000000e+02 6.340000000000000000e+02
9.270000000000000000e+02 6.360000000000000000e+02
9.270000000000000000e+02 6.370000000000000000e+02
9.270000000000000000e+02 6.380000000000000000e+02
9.270000000000000000e+02 6.390000000000000000e+02
9.270000000000000000e+02 6.400000000000000000e+02
9.270000000000000000e+02 6.410000000000000000e+02
9.280000000000000000e+02 6.290000000000000000e+02
9.280000000000000000e+02 6.300000000000000000e+02
9.280000000000000000e+02 6.310000000000000000e+02
9.280000000000000000e+02 6.320000000000000000e+02
9.280000000000000000e+02 6.330000000000000000e+02
9.280000000000000000e+02 6.370000000000000000e+02
9.280000000000000000e+02 6.380000000000000000e+02
9.280000000000000000e+02 6.390000000000000000e+02
9.290000000000000000e+02 6.280000000000000000e+02
9.290000000000000000e+02 6.290000000000000000e+02
9.290000000000000000e+02 6.300000000000000000e+02
9.290000000000000000e+02 6.320000000000000000e+02
9.290000000000000000e+02 6.330000000000000000e+02
9.290000000000000000e+02 6.340000000000000000e+02
9.290000000000000000e+02 6.350000000000000000e+02
9.290000000000000000e+02 6.360000000000000000e+02
9.290000000000000000e+02 6.370000000000000000e+02
9.290000000000000000e+02 6.380000000000000000e+02
9.300000000000000000e+02 6.250000000000000000e+02
9.300000000000000000e+02 6.260000000000000000e+02
9.300000000000000000e+02 6.270000000000000000e+02
9.300000000000000000e+02 6.280000000000000000e+02
9.300000000000000000e+02 6.290000000000000000e+02
9.300000000000000000e+02 6.300000000000000000e+02
9.300000000000000000e+02 6.330000000000000000e+02
9.300000000000000000e+02 6.340000000000000000e+02
9.300000000000000000e+02 6.350000000000000000e+02
9.300000000000000000e+02 6.360000000000000000e+02
9.310000000000000000e+02 6.240000000000000000e+02
9.310000000000000000e+02 6.250000000000000000e+02
9.310000000000000000e+02 6.260000000000000000e+02
9.310000000000000000e+02 6.270000000000000000e+02
9.310000000000000000e+02 6.280000000000000000e+02
9.310000000000000000e+02 6.300000000000000000e+02
9.310000000000000000e+02 6.310000000000000000e+02
9.310000000000000000e+02 6.320000000000000000e+02
9.310000000000000000e+02 6.330000000000000000e+02
9.310000000000000000e+02 6.340000000000000000e+02
9.310000000000000000e+02 6.350000000000000000e+02
9.320000000000000000e+02 6.220000000000000000e+02
9.320000000000000000e+02 6.230000000000000000e+02
9.320000000000000000e+02 6.240000000000000000e+02
9.320000000000000000e+02 6.250000000000000000e+02
9.320000000000000000e+02 6.260000000000000000e+02
9.320000000000000000e+02 6.270000000000000000e+02
9.320000000000000000e+02 6.300000000000000000e+02
9.320000000000000000e+02 6.310000000000000000e+02
9.320000000000000000e+02 6.320000000000000000e+02
9.320000000000000000e+02 6.330000000000000000e+02
9.330000000000000000e+02 6.210000000000000000e+02
9.330000000000000000e+02 6.220000000000000000e+02
9.330000000000000000e+02 6.230000000000000000e+02
9.330000000000000000e+02 6.240000000000000000e+02
9.330000000000000000e+02 6.260000000000000000e+02
9.330000000000000000e+02 6.270000000000000000e+02
9.330000000000000000e+02 6.280000000000000000e+02
9.330000000000000000e+02 6.290000000000000000e+02
9.330000000000000000e+02 6.300000000000000000e+02
9.330000000000000000e+02 6.310000000000000000e+02
9.340000000000000000e+02 6.190000000000000000e+02
9.340000000000000000e+02 6.200000000000000000e+02
9.340000000000000000e+02 6.210000000000000000e+02
9.340000000000000000e+02 6.220000000000000000e+02
9.340000000000000000e+02 6.230000000000000000e+02
9.340000000000000000e+02 6.240000000000000000e+02
9.340000000000000000e+02 6.270000000000000000e+02
9.340000000000000000e+02 6.280000000000000000e+02
9.340000000000000000e+02 6.290000000000000000e+02
9.340000000000000000e+02 6.300000000000000000e+02
9.350000000000000000e+02 6.180000000000000000e+02
9.350000000000000000e+02 6.190000000000000000e+02
9.350000000000000000e+02 6.200000000000000000e+02
9.350000000000000000e+02 6.210000000000000000e+02
9.350000000000000000e+02 6.220000000000000000e+02
9.350000000000000000e+02 6.230000000000000000e+02
9.350000000000000000e+02 6.240000000000000000e+02
9.350000000000000000e+02 6.250000000000000000e+02
9.350000000000000000e+02 6.260000000000000000e+02
9.350000000000000000e+02 6.270000000000000000e+02
9.350000000000000000e+02 6.280000000000000000e+02
9.350000000000000000e+02 6.290000000000000000e+02
9.360000000000000000e+02 6.170000000000000000e+02
9.360000000000000000e+02 6.180000000000000000e+02
9.360000000000000000e+02 6.190000000000000000e+02
9.360000000000000000e+02 6.200000000000000000e+02
9.360000000000000000e+02 6.210000000000000000e+02
9.360000000000000000e+02 6.220000000000000000e+02
9.360000000000000000e+02 6.230000000000000000e+02
9.360000000000000000e+02 6.240000000000000000e+02
9.360000000000000000e+02 6.250000000000000000e+02
9.360000000000000000e+02 6.260000000000000000e+02
9.360000000000000000e+02 6.270000000000000000e+02
9.370000000000000000e+02 6.150000000000000000e+02
9.370000000000000000e+02 6.160000000000000000e+02
9.370000000000000000e+02 6.170000000000000000e+02
9.370000000000000000e+02 6.180000000000000000e+02
9.370000000000000000e+02 6.210000000000000000e+02
9.370000000000000000e+02 6.220000000000000000e+02
9.370000000000000000e+02 6.230000000000000000e+02
9.370000000000000000e+02 6.240000000000000000e+02
9.370000000000000000e+02 6.250000000000000000e+02
9.380000000000000000e+02 6.140000000000000000e+02
9.380000000000000000e+02 6.150000000000000000e+02
9.380000000000000000e+02 6.160000000000000000e+02
9.380000000000000000e+02 6.170000000000000000e+02
9.380000000000000000e+02 6.200000000000000000e+02
9.380000000000000000e+02 6.210000000000000000e+02
9.380000000000000000e+02 6.220000000000000000e+02
9.380000000000000000e+02 6.230000000000000000e+02
9.380000000000000000e+02 6.240000000000000000e+02
9.390000000000000000e+02 6.120000000000000000e+02
9.390000000000000000e+02 6.130000000000000000e+02
9.390000000000000000e+02 6.140000000000000000e+02
9.390000000000000000e+02 6.150000000000000000e+02
9.390000000000000000e+02 6.160000000000000000e+02
9.390000000000000000e+02 6.190000000000000000e+02
9.390000000000000000e+02 6.200000000000000000e+02
9.390000000000000000e+02 6.210000000000000000e+02
9.390000000000000000e+02 6.220000000000000000e+02
9.400000000000000000e+02 6.100000000000000000e+02
9.400000000000000000e+02 6.110000000000000000e+02
9.400000000000000000e+02 6.120000000000000000e+02
9.400000000000000000e+02 6.130000000000000000e+02
9.400000000000000000e+02 6.140000000000000000e+02
9.400000000000000000e+02 6.150000000000000000e+02
9.400000000000000000e+02 6.170000000000000000e+02
9.400000000000000000e+02 6.180000000000000000e+02
9.400000000000000000e+02 6.190000000000000000e+02
9.400000000000000000e+02 6.200000000000000000e+02
9.400000000000000000e+02 6.210000000000000000e+02
9.410000000000000000e+02 6.090000000000000000e+02
9.410000000000000000e+02 6.100000000000000000e+02
9.410000000000000000e+02 6.110000000000000000e+02
9.410000000000000000e+02 6.120000000000000000e+02
9.410000000000000000e+02 6.130000000000000000e+02
9.410000000000000000e+02 6.140000000000000000e+02
9.410000000000000000e+02 6.150000000000000000e+02
9.410000000000000000e+02 6.160000000000000000e+02
9.410000000000000000e+02 6.170000000000000000e+02
9.410000000000000000e+02 6.180000000000000000e+02
9.410000000000000000e+02 6.190000000000000000e+02
9.410000000000000000e+02 6.200000000000000000e+02
9.420000000000000000e+02 6.080000000000000000e+02
9.420000000000000000e+02 6.090000000000000000e+02
9.420000000000000000e+02 6.100000000000000000e+02
9.420000000000000000e+02 6.110000000000000000e+02
9.420000000000000000e+02 6.120000000000000000e+02
9.420000000000000000e+02 6.130000000000000000e+02
9.420000000000000000e+02 6.150000000000000000e+02
9.420000000000000000e+02 6.160000000000000000e+02
9.420000000000000000e+02 6.170000000000000000e+02
9.430000000000000000e+02 6.060000000000000000e+02
9.430000000000000000e+02 6.070000000000000000e+02
9.430000000000000000e+02 6.080000000000000000e+02
9.430000000000000000e+02 6.100000000000000000e+02
9.430000000000000000e+02 6.110000000000000000e+02
9.430000000000000000e+02 6.120000000000000000e+02
9.430000000000000000e+02 6.130000000000000000e+02
9.430000000000000000e+02 6.140000000000000000e+02
9.430000000000000000e+02 6.150000000000000000e+02
9.430000000000000000e+02 6.160000000000000000e+02
9.440000000000000000e+02 6.040000000000000000e+02
9.440000000000000000e+02 6.050000000000000000e+02
9.440000000000000000e+02 6.060000000000000000e+02
9.440000000000000000e+02 6.070000000000000000e+02
9.440000000000000000e+02 6.080000000000000000e+02
9.440000000000000000e+02 6.100000000000000000e+02
9.440000000000000000e+02 6.110000000000000000e+02
9.440000000000000000e+02 6.120000000000000000e+02
9.440000000000000000e+02 6.130000000000000000e+02
9.440000000000000000e+02 6.140000000000000000e+02
9.450000000000000000e+02 6.030000000000000000e+02
9.450000000000000000e+02 6.040000000000000000e+02
9.450000000000000000e+02 6.050000000000000000e+02
9.450000000000000000e+02 6.060000000000000000e+02
9.450000000000000000e+02 6.080000000000000000e+02
9.450000000000000000e+02 6.090000000000000000e+02
9.450000000000000000e+02 6.100000000000000000e+02
9.450000000000000000e+02 6.110000000000000000e+02
9.450000000000000000e+02 6.120000000000000000e+02
9.450000000000000000e+02 6.130000000000000000e+02
9.460000000000000000e+02 6.010000000000000000e+02
9.460000000000000000e+02 6.020000000000000000e+02
9.460000000000000000e+02 6.030000000000000000e+02
9.460000000000000000e+02 6.040000000000000000e+02
9.460000000000000000e+02 6.050000000000000000e+02
9.460000000000000000e+02 6.060000000000000000e+02
9.460000000000000000e+02 6.070000000000000000e+02
9.460000000000000000e+02 6.090000000000000000e+02
9.460000000000000000e+02 6.100000000000000000e+02
9.460000000000000000e+02 6.110000000000000000e+02
9.470000000000000000e+02 6.010000000000000000e+02
9.470000000000000000e+02 6.020000000000000000e+02
9.470000000000000000e+02 6.040000000000000000e+02
9.470000000000000000e+02 6.050000000000000000e+02
9.470000000000000000e+02 6.060000000000000000e+02
9.470000000000000000e+02 6.070000000000000000e+02
9.470000000000000000e+02 6.080000000000000000e+02
9.470000000000000000e+02 6.090000000000000000e+02
9.480000000000000000e+02 5.990000000000000000e+02
9.480000000000000000e+02 6.000000000000000000e+02
9.480000000000000000e+02 6.010000000000000000e+02
9.480000000000000000e+02 6.020000000000000000e+02
9.480000000000000000e+02 6.030000000000000000e+02
9.480000000000000000e+02 6.050000000000000000e+02
9.480000000000000000e+02 6.060000000000000000e+02
9.480000000000000000e+02 6.070000000000000000e+02
9.490000000000000000e+02 5.970000000000000000e+02
9.490000000000000000e+02 5.980000000000000000e+02
9.490000000000000000e+02 5.990000000000000000e+02
9.490000000000000000e+02 6.000000000000000000e+02
9.490000000000000000e+02 6.030000000000000000e+02
9.490000000000000000e+02 6.040000000000000000e+02
9.490000000000000000e+02 6.050000000000000000e+02
9.490000000000000000e+02 6.060000000000000000e+02
9.500000000000000000e+02 5.960000000000000000e+02
9.500000000000000000e+02 5.970000000000000000e+02
9.500000000000000000e+02 5.980000000000000000e+02
9.500000000000000000e+02 5.990000000000000000e+02
9.500000000000000000e+02 6.020000000000000000e+02
9.500000000000000000e+02 6.030000000000000000e+02
9.500000000000000000e+02 6.040000000000000000e+02
9.510000000000000000e+02 5.940000000000000000e+02
9.510000000000000000e+02 5.950000000000000000e+02
9.510000000000000000e+02 5.960000000000000000e+02
9.510000000000000000e+02 6.000000000000000000e+02
9.510000000000000000e+02 6.010000000000000000e+02
9.510000000000000000e+02 6.020000000000000000e+02
9.510000000000000000e+02 6.030000000000000000e+02
9.520000000000000000e+02 5.910000000000000000e+02
9.520000000000000000e+02 5.920000000000000000e+02
9.520000000000000000e+02 5.930000000000000000e+02
9.520000000000000000e+02 5.940000000000000000e+02
9.520000000000000000e+02 5.950000000000000000e+02
9.520000000000000000e+02 5.960000000000000000e+02
9.520000000000000000e+02 5.980000000000000000e+02
9.520000000000000000e+02 5.990000000000000000e+02
9.520000000000000000e+02 6.000000000000000000e+02
9.520000000000000000e+02 6.010000000000000000e+02
9.520000000000000000e+02 6.020000000000000000e+02
9.530000000000000000e+02 5.900000000000000000e+02
9.530000000000000000e+02 5.910000000000000000e+02
9.530000000000000000e+02 5.920000000000000000e+02
9.530000000000000000e+02 5.930000000000000000e+02
9.530000000000000000e+02 5.940000000000000000e+02
9.530000000000000000e+02 5.950000000000000000e+02
9.530000000000000000e+02 5.960000000000000000e+02
9.530000000000000000e+02 5.970000000000000000e+02
9.530000000000000000e+02 5.980000000000000000e+02
9.530000000000000000e+02 5.990000000000000000e+02
9.530000000000000000e+02 6.000000000000000000e+02
9.530000000000000000e+02 6.010000000000000000e+02
9.540000000000000000e+02 5.890000000000000000e+02
9.540000000000000000e+02 5.900000000000000000e+02
9.540000000000000000e+02 5.910000000000000000e+02
9.540000000000000000e+02 5.920000000000000000e+02
9.540000000000000000e+02 5.930000000000000000e+02
9.540000000000000000e+02 5.940000000000000000e+02
9.540000000000000000e+02 5.950000000000000000e+02
9.540000000000000000e+02 5.960000000000000000e+02
9.540000000000000000e+02 5.970000000000000000e+02
9.540000000000000000e+02 5.980000000000000000e+02
9.540000000000000000e+02 5.990000000000000000e+02
9.550000000000000000e+02 5.890000000000000000e+02
9.550000000000000000e+02 5.900000000000000000e+02
9.550000000000000000e+02 5.920000000000000000e+02
9.550000000000000000e+02 5.930000000000000000e+02
9.550000000000000000e+02 5.940000000000000000e+02
9.550000000000000000e+02 5.950000000000000000e+02
9.550000000000000000e+02 5.960000000000000000e+02
9.550000000000000000e+02 5.970000000000000000e+02
9.560000000000000000e+02 5.880000000000000000e+02
9.560000000000000000e+02 5.890000000000000000e+02
9.560000000000000000e+02 5.900000000000000000e+02
9.560000000000000000e+02 5.910000000000000000e+02
9.560000000000000000e+02 5.930000000000000000e+02
9.560000000000000000e+02 5.940000000000000000e+02
9.560000000000000000e+02 5.950000000000000000e+02
9.560000000000000000e+02 5.960000000000000000e+02
9.570000000000000000e+02 5.870000000000000000e+02
9.570000000000000000e+02 5.900000000000000000e+02
9.570000000000000000e+02 5.910000000000000000e+02
9.570000000000000000e+02 5.920000000000000000e+02
9.570000000000000000e+02 5.930000000000000000e+02
9.580000000000000000e+02 5.840000000000000000e+02
9.580000000000000000e+02 5.850000000000000000e+02
9.580000000000000000e+02 5.860000000000000000e+02
9.580000000000000000e+02 5.870000000000000000e+02
9.580000000000000000e+02 5.890000000000000000e+02
9.580000000000000000e+02 5.900000000000000000e+02
9.580000000000000000e+02 5.910000000000000000e+02
9.580000000000000000e+02 5.920000000000000000e+02
9.590000000000000000e+02 5.840000000000000000e+02
9.590000000000000000e+02 5.850000000000000000e+02
9.590000000000000000e+02 5.860000000000000000e+02
9.590000000000000000e+02 5.870000000000000000e+02
9.590000000000000000e+02 5.880000000000000000e+02
9.590000000000000000e+02 5.890000000000000000e+02
9.590000000000000000e+02 5.900000000000000000e+02
9.600000000000000000e+02 5.840000000000000000e+02
9.600000000000000000e+02 5.850000000000000000e+02
9.600000000000000000e+02 5.860000000000000000e+02
9.600000000000000000e+02 5.870000000000000000e+02
9.600000000000000000e+02 5.880000000000000000e+02
9.600000000000000000e+02 5.890000000000000000e+02
9.610000000000000000e+02 5.850000000000000000e+02
9.610000000000000000e+02 5.860000000000000000e+02
9.610000000000000000e+02 5.870000000000000000e+02
